








































































































































































































































































































































































































































































































































































































































































































*
*
*
*
*
*
*
*
*
*
*
*
*
*
*
*
*
*
*
*
*
*
*
*
*
*
*
*
*
*
*
*
*
*
*
*
P0
0.00139595482
0.00141379835502312
0.00149268528411635
0.00152
0.001557806567041489
0.00160740168480632
0.00161
0.0016456096148060
0.00166
0.00167663
0.00168
0.001686375410273
0.0016879874702211
0.00172862
0.00174239994990564
0.00178750176696939
0.00181
0.0018302930799293
0.00184
0.00184
0.0018456663232093
0.001855732795729
0.00187
0.0018771818845850
0.00189010668450548
0.00193
0.00195
0.0019676820247057
0.00197997624609088
0.00198525628181868
0.001999
0.0020119534425332
0.00202117938468221
0.00204816
0.0020569603924157
0.00207251
0.0020832783349232
0.00208929030219107
0.00209
0.00210063354535246
0.00211
0.0021190675651177
0.00212
0.0021289064590218
0.0021494330032835
0.00214991236434921
0.00215928839043292
0.00216
0.00216355679356697
0.002166
0.00218
0.0021866997725548446
0.002194695780881595
0.00219665714352123
0.00219780
0.00220453
0.00223
0.00224
0.00224470
0.00228
0.00229453181696499
0.0022947270806719
0.0023142872649224
0.00232309053151224
0.002338514440402662
0.00234455954688568
0.0023523445319370
0.00236
0.0023645697763006
0.00237
0.002379878924013453
0.0023840129012370
0.002389420757786
0.00241
0.00241
0.00241554794898110
0.0024278884863579
0.0024392959097964
0.00245
0.002451
0.00246259
0.00248022
0.0024839275702455
0.002486982497311
0.00249
0.0024963718144300
0.00251
0.0025126423832770
0.0025415543469461
0.00254473838
0.0025563670767829
0.0025603710316720
0.00256439267063484
0.0025731519721683
0.0026
0.0026008347856317
0.002602876738872
0.00260323
0.0026056722466
0.0026096197234461
0.00261
0.0026125867919415
0.00262
0.00262357935251262
0.002630380781478504
0.0026341351275486
0.00264334329724357
0.00264634144946923
0.00265
0.00265
0.0026509071060649
0.0026521296710897
0.00266059327687744
0.0026642160
0.0026779231971205
0.00271
0.002710
0.002719112021018830
0.0027217879391872
0.0027279541573939
0.00273258863244
0.00274
0.00277229565
0.0027895524236884
0.00279
0.002812
0.0028163
0.00282
0.00283
0.00283040595787912
0.0028336138772234
0.002846
0.002868952846616078
0.0028720063916972
0.00288422674154723
0.002885736411412693
0.00289
0.002896215816722975
0.00291
0.00291
0.0029338198772443
0.0029471080705361012
0.0029588
0.0029589095505841
0.00296
0.00296
0.00296
0.00296965
0.002977819295745368
0.002988
0.00299926
0.003
0.003003500835980
0.003020060260978
0.0030216063479651
0.003050203104754390
0.00305395434626085
0.00305431575773716
0.003059448798020229
0.003061844088621657
0.0030799140584053
0.00308423326039194
0.003101
0.00310221391893416
0.0031182888995986
0.003119226581323024
0.0031392150
0.003148669579439
0.003150807655690673
0.0031597205227830
0.00316
0.0031633158188015911
0.00317
0.00317013917902887
0.003182
0.00319294082
0.0031931035538505
0.00321
0.00321
0.00321034070935032
0.00322022839856445
0.0032291563373149
0.003232273969155
0.0032330162292688
0.0032337373331158
0.003238
0.00325
0.00326618657079054
0.00327
0.00328914
0.003299339366490734
0.00330434
0.0033181121293936
0.00335287243686099
0.0033543360829062
0.00339
0.00339270965933
0.003408
0.0034177704450548
0.003424
0.0034452510723611
0.0034630711
0.00346309917908790
0.00347877083927942
0.00348046270749329
0.00348499206166289
0.00349663378270016
0.0035
0.0035280718048989
0.00353632915276244
0.003539375658423
0.0035434314937910
0.003559763768043
0.00356957
0.00357
0.003575288623474622
0.003576581631673108
0.0035893366796749
0.0035938521270515
0.003594091653371
0.0035978980188911
0.003597928510587011
0.003617993078111
0.003618524251059
0.0036250967171671
0.003625745633114
0.003627027895734231
0.0036275626138329
0.0036430207
0.003650
0.00365032889720
0.00365859
0.00367586
0.0036766432176002
0.003683878711077
0.0037
0.003704
0.0037046394947985
0.003708
0.0037189923044933
0.0037220816029988
0.003722312502674
0.003726348486023947
0.0037386996643
0.00374
0.003747154500259940
0.00376
0.00377
0.0037844047882356
0.0037851238
0.003788155520882833
0.003793629114948
0.0038028
0.003845429067931
0.00386132476693726
0.00387
0.003889
0.003907
0.003914873259435
0.003931852642
0.00393452408033124
0.00394576
0.00395766764533531
0.003961655342404
0.00402704270710
0.00403318118457258
0.004039
0.00404037914356515
0.00405
0.0040558382315644
0.004065916139472
0.004074545942316071
0.004090
0.00409179738358213
0.004100
0.0041065595383672
0.00410878619219
0.00411
0.0041105439567658
0.004129145284562
0.00414
0.00414568354804
0.004159
0.0041750173128551
0.00418
0.004185543936664
0.00418617720284089
0.004200101791882
0.00420160911826384
0.00420518
0.00420771704066
0.00422
0.00422653200317
0.0042280189916604
0.00428
0.00429
0.0042911460641714
0.0043047754832565
0.00431
0.0043279839569886
0.0043294
0.00434282669639233
0.0043461679994616
0.0043881599698083
0.004394
0.004397
0.0044
0.00441080
0.0044300116286341
0.00444
0.00444
0.00444803
0.004461
0.00447986404710
0.0045051589484591
0.00450864182000643
0.0045337267023282
0.004553527919736
0.0045544
0.004554447383906
0.004570136598623225
0.004571765939750
0.0045788334643
0.004608102641
0.00462
0.004621641526749906
0.004625962471274505
0.004629
0.00463
0.0046311962778409
0.004638029391429419
0.00465143521539
0.0046651629372704
0.0046875240948954
0.0046920
0.0046957571305605
0.0047
0.0047023242768689
0.00471398
0.00473
0.00475
0.00477152291069356
0.0047842842982785
0.004791822704
0.00479186916127
0.0047978
0.0048023377671501
0.0048028043457
0.0048084282894641
0.00481016762
0.0048135292
0.0048162745133088
0.00484275732280295
0.004850
0.0048654532114961
0.0048727658629793
0.004888
0.004909239016418
0.00491
0.00492589
0.00493111494511372
0.00496515
0.004983583942570281
0.004990575114112
0.0050268612317532
0.00502854
0.00504
0.00504145377852
0.0050752983064042
0.005084173689953
0.00508691
0.00509
0.005109272904279
0.00511
0.005116387644239
0.00511971
0.00512
0.00513
0.005139936774902
0.005162204641299514
0.0051733218641960
0.005185201908798642
0.0051898521745201
0.00519232464875420
0.005223271016861680
0.0052415662037958
0.00525574902131628
0.0052773269323093
0.0053125502904328
0.00534
0.00535757328486573
0.005362100549682627
0.005384325706188
0.00541669986
0.00542
0.0054400041632727
0.00544297516
0.00547
0.0054713308755095
0.005490968507655535
0.0055061
0.00553
0.00554014
0.005553592524205
0.005557016759649
0.0055648
0.0055679
0.00558
0.0055959
0.00563
0.005642723448168
0.00572
0.00575677999551635
0.005757451936712637
0.0057674069326982
0.005778747
0.00578696848909
0.00578804
0.0057901517700238
0.00579230273884754
0.00580
0.005840
0.0058500958597756860
0.0058531079537106
0.00589
0.005909
0.0059313674952810
0.00594895754058564
0.00595
0.005982512892605
0.0060006034432179
0.00607
0.006074542086503
0.00609129342151
0.006092367929630
0.00611664
0.00613316651623409
0.00619
0.00621853194840048
0.006226932720487
0.00624
0.0062843113814174
0.0063857288383424
0.0064182169037316
0.00653
0.006547
0.0066329
0.0067433942397
0.00680
0.0068199585607571
0.006867860069
0.006907549392921
0.0069270955083835
0.00697
0.00708491
0.00709
0.007101392508118
0.00717561460624
0.00735
0.0074535843734649
0.00747422423014427
0.0075884798073671
0.007601670492227
0.00760220343251
0.0076128487111379
0.00762
0.007645872769642047
0.007796728856036
0.007796776259722
0.0078
0.007946940657879
0.00798720480668373
0.008122798048058056
0.00817
0.008357798500844
0.0084360953044
0.00846
0.008485493936967
0.00848628211574
0.00852
0.0085654062678145
0.00857
0.00866690
0.008853496686414667
0.008869961227277
0.009035285247765
0.00905
0.009343030844543
0.009347972210248
0.009423406717798
0.00957019
0.0096
0.009679813614785
0.009683961337179
0.00972
0.0098613486703673
0.01015
0.0103775094516
0.01054
0.010595519821519
0.01069
0.0110193290688805
0.0110757509142025
0.0111
0.0111096493380938
0.01122
0.01133
0.011359881791767
0.01156314838986
0.011987308585310
0.01253
0.0125862753143500
0.0126475935865227
0.01278606928999
0.012986381
0.01313818315216539
0.013495820403909
0.0135
0.01484195225261733
0.01508366732422
0.01554239497400
0.01605242392107269
0.0161222220245
0.016264003411125
0.01645292995844926
0.0165
0.016760127219257
0.01696017532298
0.017687215045108
0.01802
0.01851182255144
0.018623631832618
0.0193763034411294
0.020732360091374
0.02122838
0.021497231890027
0.02150723378644
0.02167187
0.02176610763
0.022258801226038
0.0226993785996239
0.0228466631
0.02310085528430
0.023623444739392
0.024
0.024497388545933
0.02457529479071
0.024891985032542
0.02506804825974
0.02570173919463
0.0263096769824
0.02656867837497
0.02674442376700
0.0270831832440066
0.02724
0.027285006852515
0.0284049534402
0.0284615890259983
0.028634888190455
0.02885155795131
0.0288538611940574
0.02893
0.02896158842782
0.02896859323602
0.0297727753332
0.03052929614864
0.0311816011
0.03158187
0.031681842757300
0.03209
0.0326542
0.03281785906437885
0.032822244860022
0.03292
0.033027982326829
0.033163166
0.0333924123
0.033395062
0.0335
0.03378133193189
0.033856495
0.03411713084786
0.0344289781774586
0.03452783464780
0.034749053
0.03557787327451
0.03590861279827
0.036022209
0.03680412
0.037660166953
0.03790444117830463
0.03799
0.038522586319205
0.0391226569017806
0.0395311928548
0.0406
0.04075
0.0409349889083329
0.04100982358117
0.0415
0.04174114783993
0.041831288199078
0.04358922706284
0.0436426389000
0.04460
0.04474055970
0.04524877299803
0.0457818168729515
0.04668588
0.0477625075
0.048072246759
0.048578779636
0.04971
0.0500519462
0.0505697030222
0.05159136661
0.05162357393
0.052
0.052152855
0.05413
0.05569801392951
0.05611
0.05613303552473
0.05719
0.058199071070
0.05834513
0.059030003217813
0.059767357984547
0.060533
0.06082223035146
0.0616961234035
0.06188365001063
0.062452895517590
0.062800077
0.0629548889725
0.0632021309179
0.0644019
0.06466700
0.0646861308252
0.064940388241514
0.064961851894
0.06571592849324
0.0662928992668
0.0672668461152
0.06817987659
0.0687304058253
0.069356847
0.070498243969
0.0710948973807
0.07179
0.07205652531
0.07238
0.0746699205656
0.0756589884532
0.07573
0.07654
0.07654134872199
0.078218548881
0.0794272322920
0.079832
0.0799
0.080118133455
0.08033793
0.08090668906
0.082755269706
0.0831
0.0831573050050
0.08414
0.084206064052
0.08450
0.08470261549133
0.0850721461634
0.085288151397
0.08585861
0.087545204308
0.08773
0.0878342610773
0.0882819082341
0.088924862943
0.089328385024
0.0912
0.0914032309
0.09150578075475
0.091996
0.09213212
0.0925277
0.0927090547
0.0943
0.0951378086771
0.09613056295
0.09629420774
0.0982
0.0988139764825
0.099660833480
0.09982956
0.10004095461
0.100604
0.10067
0.10101
0.1014371027339
0.1014390664824
0.1014867942076
0.101633196293
0.10213598087
0.102459245929
0.1026182883472
0.103150638274
0.103740952074
0.1041819547968
0.1046759019619
0.10469465215795
0.104912611147
0.106332094095
0.106632746266
0.10667
0.1067690369961
0.1073864584588
0.1077182159234
0.10974069969
0.10995
0.110223702460
0.110573011690
0.11066470446904
0.1109789432160
0.11147243434
0.1115241364978
0.1116008373133
0.112613212
0.112799455072
0.112854649905
0.114371728447
0.114943
0.1153635682680
0.11584261008
0.117073051
0.117563794023
0.117802005929
0.1187102506902
0.118773346187
0.11926775831844
0.120482
0.1211177592649
0.12347018
0.123725343351
0.1248366735581
0.124924206569
0.1252295584025
0.12596223249
0.12640033324309
0.126689998553
0.1271228933094
0.1275084662167
0.128698573047
0.132
0.13231397192751
0.13366692025028
0.13372
0.134409003575
0.13547685441
0.136855046957
0.136961610513651
0.1370546579332
0.1381577782128
0.13886807258911
0.13887
0.13902889110
0.139460211250
0.1395246665887
0.139760064515
0.139881677595
0.1399345
0.1404812898086
0.1406677
0.140745806053
0.1419085889640
0.14315825891177
0.14324647
0.143266
0.1435756814094
0.14407315538
0.14446976514
0.1453473803401
0.14565471947
0.1457077402
0.1458841865525
0.146788548116
0.1468
0.14727431048
0.1487974678456
0.148894507003
0.149460655762
0.1497440393996
0.151581943393
0.152511958009
0.15314
0.1531969792414
0.153716278369
0.15404659921
0.154087174313
0.1549921917383
0.156250
0.156384121559
0.15639973854186
0.157284525096
0.157508542541
0.157829924735
0.1580429177826
0.158730
0.1598
0.16
0.162323475501
0.162498709997
0.162733852990
0.163245785775
0.16369523645
0.16372737166367
0.16403
0.164957688311
0.16591763484
0.166108327507
0.1661155731566
0.166314477824
0.1666339242514
0.1667491790418
0.166762291572
0.16754
0.167627579462
0.1678611451478
0.168677558616
0.17047
0.170937955921
0.17152
0.1719346524466
0.172444360995
0.173263836028
0.173647195715
0.1739106
0.175106267502
0.175166247082
0.17601634721733
0.1761912
0.1767074151138
0.178352043293
0.17843152366
0.178553872949
0.1787563517731
0.17928
0.179354019096
0.179486804423
0.180591500693
0.18094
0.18117848994715
0.18164
0.181927598822
0.182135802939
0.182494802090
0.18291150816
0.183156898795
0.1832948
0.184502203069
0.18452809509
0.1853101015788
0.185397243919
0.18552016047926
0.185559973402
0.18573
0.1861488579563
0.1873794
0.189094492501
0.18933744109123
0.190067107649
0.19023
0.190709642575
0.190872844929
0.1910366935341
0.191442663494
0.191444328
0.191614577771
0.1926048997686
0.19268718417
0.193105399932
0.193339746306
0.1934045707829
0.1944558939197
0.194630982798
0.194938267113
0.19567094516627
0.19632137543003
0.1964799448668
0.196543154965
0.1966268136138
0.1970300980314
0.1971146895745
0.1972763
0.197644188243
0.198335136357
0.1984514505627
0.198456978776
0.1988386042970
0.199147397053
0.199300
0.1995413598713
0.2001285881663
0.200383946403
0.20051133
0.20098020244218
0.2010637223734
0.2027248992079
0.202736911853
0.20288
0.20355287786
0.203556697536
0.2035584528675
0.204068115056
0.2062199811321
0.2064430480
0.206612
0.20664850874
0.2076357201
0.207953012189
0.208214903876
0.2089556931527
0.2089583321216
0.210524357
0.2106484121028
0.21231640921
0.212352673319
0.212378
0.213074653776
0.214771109789
0.21481
0.214838505782
0.214924800284
0.2155084733367
0.21601827884014
0.216479797870
0.217094
0.217213500357
0.217317451828
0.2176426911444
0.2179228818474
0.2182529126846
0.21834
0.2185540958272
0.2187115654904
0.219
0.22
0.22010358290
0.2215076382770
0.2223665151982
0.22256110261
0.222949273318
0.223320267185
0.223557828541
0.223728519703
0.224
0.22420119106
0.224603837185
0.225004475404
0.2255514533
0.2261071099878
0.226118635651
0.2264843322519
0.2265187466568
0.226538990075
0.22707017739
0.227387488792
0.227564958458
0.228324249982
0.228568672954
0.2301936138595
0.230708491737
0.230984425819
0.231390388
0.23145
0.23160332930
0.23169383623
0.232976432603
0.23299
0.233164076390
0.233326206679
0.233540625445
0.2336519694946
0.23410579125
0.234131440128
0.234169035616
0.235248924972
0.23531138060308
0.23547520029
0.2361708772317
0.23617974343
0.236983307439
0.2370994416923
0.23716129322
0.2373903926
0.23748
0.237790138
0.23878218346372
0.239317178406
0.239919487227
0.23995
0.2401
0.240153263208
0.24052386477
0.24095264193
0.24103454795
0.2416421756731
0.242190323768
0.242961077060
0.243395150846
0.244838478401
0.24510
0.245260
0.24545429
0.2457571181423
0.2459747688901
0.246333257157
0.2468167699732
0.247525
0.249608954839
0.2509406
0.251658714181
0.252397929468
0.252773323418
0.252869846841
0.2530651649482
0.25317
0.25355772533
0.2537
0.254720352269
0.255359660118
0.2554267757078
0.2554963274098
0.2556770984252
0.255704185586
0.2563527993088
0.256777653406
0.256843797950
0.2569264575329
0.2570560976508
0.2578319398983
0.258684648071
0.258911996567
0.25924664288
0.259364764102
0.259779370692
0.2600144
0.26104978959
0.26127055606
0.26195467832
0.262025692969
0.263211634568
0.263344725870
0.2633769071818
0.264557925602
0.26507223569
0.26531766093
0.266
0.26647363743
0.267268
0.2672750082591
0.267322318335
0.26743960987
0.268217402985
0.26920054092953
0.269414732063
0.26944332141
0.2699540683678
0.2702544395645
0.27032946262
0.270502039371
0.2714373118173
0.272450630950
0.272963
0.2733745086436
0.273706758194
0.273973
0.27455668472
0.275025682520
0.275132723562
0.275207111323
0.27557759958
0.27564149867101
0.2760276934460
0.27649748362
0.276603043150
0.27672613726
0.277700692894
0.27815476789
0.27849394744
0.2787294436271
0.27873
0.278958414924
0.27919830909
0.27951
0.2797376832822
0.279767868653
0.279828696565
0.28034866206
0.280423858549
0.280677974168
0.2809053015394
0.28137130037
0.2813991427542
0.28184495081
0.28201171065
0.282849345409
0.283071323092
0.28364211181
0.283791853785
0.2839009641977
0.284054344967
0.284352671928
0.284697472498
0.28562462018
0.286561228631
0.286648256081
0.2867584998375
0.287431567184
0.287800021959
0.2882191593441
0.28834924425
0.2883549019075
0.28841677391
0.288479334214
0.28854142685
0.2886027917197
0.288605287388
0.289688895200
0.28983833
0.2901081932010
0.290305256197
0.29038924475
0.290716217162
0.29102078676
0.29110
0.2913414710251
0.291467800769
0.2914894606391
0.291930632181
0.29240770249
0.29392818864
0.29416251457
0.29446
0.294759771191
0.29558048193
0.295699706346
0.29583755345
0.296279212139
0.29739519058
0.297494121670
0.29769219971
0.297769547307
0.29798232657184
0.298116357616
0.298313497249
0.2989874273426
0.2990717782966
0.2996251068
0.299992040976
0.30131077523
0.301455877926
0.301458774079
0.301489849278
0.30151055002
0.30188789663
0.302
0.302449584070
0.3033
0.303910924347
0.30451
0.305037318882
0.3051
0.305234449799
0.305447058241
0.305830097712
0.30606864497
0.3061669878595
0.30618
0.3063230254
0.30636786268
0.306410837119
0.307074219235
0.307132975823
0.307177662775
0.307576751860
0.30768283388
0.3076828651978
0.30794290464
0.308047946620
0.308305907254
0.3083536
0.3085806621443
0.3088608620097
0.308917678787
0.309398365719
0.3099045934277
0.311673518473
0.3118
0.31181276456
0.312314406456
0.312470
0.313016401038
0.313885674748
0.314355396469
0.315
0.3151960620987
0.31525843337
0.315835048197
0.3158731909
0.3173062332319
0.31731488279
0.318062050971
0.31835777079
0.318400873408
0.31876
0.318817259335
0.318941483436
0.3195611745
0.31976
0.3202708224090
0.320366370454
0.320422711526
0.321793346869
0.322061827468
0.322231178915
0.3225
0.322673549948
0.322886477381
0.322908566781
0.323434055969
0.32354
0.323648024490
0.323857547341
0.324187
0.325415321974
0.325633290107
0.32572433
0.32572436605
0.32577128742
0.32588301613
0.326271446035
0.3262794534509
0.32657128834
0.32678622125
0.32697
0.32705773823
0.3274185215591
0.328514216183
0.32866472679
0.329186857758
0.329531922488
0.3303280523313
0.330354089443
0.3315855987755
0.332
0.3322056715409
0.33288667881
0.333208231801
0.3332537343
0.333410710172
0.33389
0.33421383999
0.334415426505
0.334725226760
0.33495996611
0.33516252825
0.33629
0.3363371316200
0.3364246764
0.336554651762
0.336620230291
0.337320795791
0.33759499958
0.337854845269
0.33903844870
0.33921584
0.340202651600
0.340502709437
0.34052764699
0.340729436235
0.340832130441
0.340854176542
0.34096785164
0.341212811806
0.34133640572
0.341402932218
0.3416
0.341772476799
0.3419
0.34272279247
0.34277679653
0.34282539844
0.3434021577860
0.344018308374
0.34410
0.344646011863
0.34540115992
0.3455818980725
0.345602948594
0.34569803402
0.346301152944
0.346522567131
0.346796929142
0.346908957903
0.347222
0.348124045581
0.34938
0.3494336821331
0.34959099098
0.34992850807
0.349951177522
0.350109572852
0.350971731451
0.35111186198
0.351124633722
0.351879439822
0.3521454039381
0.35246421320
0.352933478726
0.35326292024
0.353293033439
0.3536025329
0.35423394051
0.354236507718
0.354304
0.35443759451370
0.3545503166464
0.35473179890
0.3551560369998
0.35545
0.35552
0.355656301098
0.3556658488
0.355686622097
0.355725186569
0.35585626277
0.356849312855
0.356928998022
0.35715482026
0.35765
0.357806774953
0.358161
0.358306049291
0.3587384107696
0.359394162457
0.360957675308
0.36147
0.361690595821
0.3619213249276
0.362051962860
0.362492078224
0.362634
0.363676330005
0.3645914978351
0.364713249166
0.364835
0.364912241765
0.36547
0.36673618809
0.3674337248626
0.367953256307
0.368246454342
0.36855
0.3693649
0.369428087894
0.370141128114
0.370483417429
0.37054
0.37088299877
0.37121
0.37173
0.37192413884
0.372619054536
0.37275
0.3730340
0.37339212565
0.374
0.3740530135813
0.374117028251
0.3741958930416
0.37426157516
0.3748062242
0.3749207359442
0.375082251011
0.375301756356
0.37531
0.37546337852
0.3763863640606
0.37656956576
0.37713777811
0.377578026
0.3785964921974
0.37862206628
0.379387161967
0.37953610601
0.38014034472
0.38086561316
0.38086979928
0.381319294128
0.382072812116
0.382376721658
0.3827347
0.383830423532
0.38448678392
0.384645
0.384928623365
0.385194094862
0.3860037238349
0.3866429281059
0.3870193974544
0.3876640866385
0.387689698034
0.3884851271101
0.3885391675859
0.38886
0.389869101178
0.390327976785
0.3907150899386
0.39073936418
0.39138510099
0.3924514
0.39247897310
0.392703893399
0.39352163764
0.3938988148378
0.3941333466126
0.394354427486
0.39483578357
0.394945790784
0.395354481573
0.3955551117394
0.39573063893
0.3957630220383
0.3959691695432
0.3963
0.39649
0.396586748928
0.3967282353771
0.397
0.397584746441
0.397589683040
0.39785744656
0.397889458978
0.398173021652
0.398292162785
0.39917017693
0.399183351758
0.399192
0.400525716696
0.40060
0.40162562344216
0.4028579088754
0.403
0.403478334902
0.404039751280
0.4045517674400
0.40491964372
0.40498030096
0.40507313484
0.405336948592
0.405454
0.405737
0.40576948790
0.4059359629899
0.40608118100
0.407292274238
0.407700524409
0.40796298356
0.408154708451
0.409050865044
0.409135
0.40914018296
0.409349485862
0.41034
0.410772
0.410860719379
0.411158865683
0.41222995857
0.412401047219
0.41298519981
0.41370012084
0.414111049843
0.41438335440
0.4147630265082
0.4148705368737
0.415394227732
0.415812941402
0.415823055263
0.4158270895435
0.416873770089
0.417
0.41814
0.418974903641
0.41910226464
0.41927974137
0.4193349661853
0.4196
0.4196177915
0.42025215518
0.421118114249
0.42112580396
0.421794
0.42181623358258
0.42231632097
0.4224505316190
0.424
0.424130748816
0.4243114031834
0.425115
0.42518900
0.425720327378
0.425897254225
0.426466240565
0.4266459810253
0.4266767865302
0.42684382706
0.42739
0.427773663317
0.4283409894
0.42897892562
0.429922423250
0.430278250497
0.43036655800
0.43046412386
0.430627098928
0.43087215605
0.43099098078
0.431889308744
0.43252593524
0.4327
0.432866133845
0.433083926199
0.43342070
0.43344
0.43421
0.4342422517307
0.434372879784
0.43444487308
0.43481138633
0.4350602546
0.43519385185
0.435759033311
0.436040950719
0.436506697158
0.437454407217
0.4378690017
0.4380141493906
0.43808945697
0.43809
0.438095346909
0.4381131572
0.4396840
0.439995272067
0.440039882669
0.4401530669475
0.440283
0.440372
0.440590723652
0.4406184769108
0.441209731966
0.441995130786
0.442838499130
0.4429009363721
0.443054560638
0.44342528830
0.443648922251
0.44382460830
0.443871367665
0.4441044988
0.44414
0.4444257246169
0.44457796
0.44464510677
0.44574893108
0.445822307
0.445944557385
0.446226281658
0.44646
0.4475177112318
0.4477084731988
0.447857060325
0.44863544246
0.44872324857
0.448945466859
0.449339
0.449548149848
0.44962
0.45043236999
0.4504483308563
0.45062
0.45086776633
0.45090
0.451273
0.45147285265
0.4524
0.4527850730
0.452803097537
0.45286735393
0.45344775276
0.453992694395
0.454650713078
0.454840332571
0.4550782016717
0.455499390131
0.455761
0.455934
0.456511944952
0.45724503044
0.45750181782
0.457526573507
0.457681471040
0.45834
0.45848840672
0.4587348258074
0.459606723901
0.46033949229
0.46040581878
0.460503
0.460981536134
0.461
0.46171267661
0.463329577191
0.463473741703
0.4640368139284
0.46410631422
0.464212626601
0.464300493199
0.4646997488
0.464960965736
0.46536464559
0.466962555351
0.46761632345
0.467894113075
0.46840160422
0.469
0.47122487769
0.47160357893
0.472036662076
0.47285055917
0.472996377203
0.473027799896
0.47351252978
0.473870557518
0.47438143461
0.4750676748022
0.475392526561
0.475884937713
0.476
0.4764
0.476622836038
0.476734842147
0.477
0.4771579477894
0.477233119123
0.477715343692
0.477993612757
0.478145482800
0.47823093284
0.47909858452
0.479163971291
0.48111885215
0.481824602
0.482595929159
0.482766273821
0.48331051132
0.48345888008
0.483769998047
0.484
0.484129803194
0.484286459778
0.48435
0.48491367908
0.485268383925
0.4867507986
0.487527998033
0.4878126283
0.48791359170
0.48824200896
0.4905065128003
0.490856730096
0.4911415563
0.491384121830
0.491518803580
0.49171
0.491865489484
0.49234420664
0.493091
0.493774733755
0.495369868028
0.49607711306
0.4961931
0.497
0.49777239400
0.49814907254
0.498397
0.49863
0.498978065960
0.49907553362
0.49918661036
0.499195890475
0.4996949121196
0.500254454491
0.501123112694
0.50173030987
0.5019271782
0.50280278290
0.502923870516
0.503
0.50301500560
0.5034626204677
0.504606055410
0.5049
0.505
0.50509714918
0.5053
0.5059567391
0.50605841373
0.506568335296
0.507356002674
0.507379566696
0.507722322118
0.507945195243
0.5081
0.508561079708
0.50988582045
0.51016034483
0.51031
0.510369402880
0.510453755610
0.510718135408
0.51092936864
0.512110722994
0.512194448731
0.512212355130
0.51224209318
0.5123273
0.512547817784
0.512995270279
0.514523069504
0.51467137652
0.515
0.515000656402
0.51516705131
0.515218649151
0.51598351050
0.51743002549
0.51744320409
0.5181097798008
0.518721435025
0.51875778474
0.5189379874091
0.5192634055906
0.520939679547
0.520954311129
0.521455427473
0.5214727140817
0.522618385775
0.52297708597
0.524156765381
0.5242708632083
0.52504914274
0.5250742392
0.52560
0.526364586499
0.526556139140
0.52664353143
0.526682241575
0.527465874211
0.52833640936
0.5283521633015
0.5285907792
0.5288321
0.52912125685
0.52915639797
0.529196917808
0.52944098843
0.529623
0.529681
0.529929186747
0.530075207410
0.53066051169
0.5314
0.53149303397
0.5325777412091
0.53269880337
0.5329747057409
0.53350188629
0.533917733096
0.53402
0.535504397790
0.535786513915
0.535828895432
0.536413665506
0.536595822673
0.5367
0.53681
0.537143086032
0.53762373255
0.538340543302
0.538431789013
0.5384688219194
0.53864678794
0.54010232140
0.541285680730
0.541404373627
0.54142115903
0.54175211381
0.54215548135
0.54245109601
0.542935874228
0.543015040685
0.54400187061
0.54402080981
0.544549207067
0.54457
0.54467054719
0.54479952470
0.54525418661
0.54535972
0.5454455601
0.54660
0.546824157964
0.547202118684
0.547209201831
0.5481
0.54822710380
0.5484192
0.548879819155
0.548939223294
0.5491606020002
0.54949769829
0.54955367881
0.551058591
0.55113377674
0.55124125377
0.5521697
0.55316745256
0.554261603931
0.55475646483
0.55582421598
0.55621605570
0.55703619721
0.55704
0.55746361200
0.55760924800
0.55784066031
0.5579534804225
0.557996
0.55817922185
0.558254373368
0.55825750561
0.55838338569
0.55888867754
0.55907133302
0.559084099229
0.559573614717
0.5596363
0.560503533065
0.561778329077
0.56207429041
0.562302288458
0.56255763553
0.56271073614
0.562789986697
0.563
0.563294925255
0.56373
0.56447537999
0.5647593892
0.5653693451984
0.56673415672
0.567080221721
0.5680566269
0.568301007535
0.56844228297
0.56900709018
0.569242225079
0.569980
0.5702641245619
0.570292409826
0.570313411724
0.570409236430
0.57051063348
0.571256559155
0.571399860595
0.57142052883
0.571651789863
0.57259227192
0.57316
0.573196989078
0.57374535892
0.574400267809
0.574697951954
0.57507238258
0.57597141155
0.57686
0.5772309434487
0.57836343922
0.578375101145
0.579
0.579418751784
0.579576736318
0.57982281497
0.5801872690010
0.58083988615
0.580871337031
0.581017695716
0.582126
0.583550377362
0.58376499689
0.58531903782
0.585552887667
0.58576120812
0.58628740134
0.586485556229
0.58677841838
0.58698616319
0.58747677594
0.58755897769
0.587566793839
0.588
0.58919550332
0.59047278772
0.5914175857222
0.592
0.59213602908
0.592885190625
0.593533613
0.593661359781
0.594499815819
0.59457526355
0.5945761650437
0.595192858512
0.5959
0.596799464458
0.596993202504
0.597808754148
0.598081935375
0.5992480029
0.60099749634
0.602227
0.602738077704
0.60376
0.606190680037
0.60688662425
0.6069003
0.60820531457
0.60960714201
0.609873648673
0.609961754304
0.610258781957
0.61190
0.612132963973
0.6122092044383
0.612330650088
0.61252373999
0.61255824122
0.61291628569
0.61357070436
0.613759600022
0.61475669408
0.615033894871
0.61552045802
0.61553824309
0.616270272343
0.6169790441
0.617036695541
0.61710720555
0.6173076699955
0.61757468514
0.618182590832
0.618357697387
0.61871508419
0.61876063644
0.61919818110
0.6194535568
0.620217115135
0.62036503134
0.6204483653468
0.62173399423
0.62197624506
0.623678
0.6250339127
0.62547
0.626323941978
0.627285365870
0.627715518484
0.6279806844
0.628305878552
0.628540823296
0.628902546380
0.62896972129
0.62963153567
0.63031371285
0.630512646679
0.630551259569
0.63098305833
0.6318
0.6318
0.632
0.6321
0.63223532885
0.63233580002
0.633411983159
0.63364029817
0.634354346767
0.63505817489
0.63641413680
0.63658447822
0.636957393614
0.637
0.637
0.63823381
0.638565481517
0.64001572416
0.64022949952
0.64023374765
0.640958200232
0.64109785122
0.6425055485748
0.64274275093
0.6429599
0.64318334838
0.64399866351
0.64414015325
0.6442550645
0.644304508167
0.6443536203
0.64516119106
0.6453024694
0.64719774666
0.6473255991879
0.64804005430
0.6481166471
0.650434490647
0.650836871901
0.65105
0.65118538418
0.65151209407
0.65180081878
0.65305397126
0.6539
0.65440
0.654408146583
0.65522059567
0.65545023949
0.65629923146
0.657873
0.65797363034
0.658013412500
0.65855761432
0.65943205053
0.65979414168
0.6603133715
0.661401759025
0.661992094032
0.661997424287
0.663321097981
0.6633301152
0.66382964770
0.6643
0.664388681376
0.664679416494
0.66587861963
0.6659935900
0.66643792285
0.666804
0.66748553354
0.66810515091
0.66830920992
0.66840782878
0.66987238665
0.67002629761
0.670037418386
0.67008587
0.6704799625529
0.67048566238
0.67071
0.671613828819
0.67196419932
0.67248060717
0.673505459244
0.6740603610
0.67453190906
0.675646047064
0.67608189374
0.67768391249
0.67839
0.680574832268
0.68098383242
0.6822651758060
0.68241862653
0.682542497406
0.68401360292
0.68480
0.68493649236
0.68535848563
0.6867328372450
0.687
0.68708185664
0.68854151164
0.689223601359
0.68924
0.6905763581
0.69125141818
0.692
0.69211569600
0.69255157815
0.69374767047
0.69381120574
0.694053479086
0.696171
0.69626221476
0.696278743075
0.6967605102
0.69826060054
0.6983528638
0.7016149492
0.702413629135
0.705
0.70786760576
0.70895418575
0.709064069786
0.71083007880
0.712794036774
0.7134892535
0.714519699726
0.7147
0.717311174076
0.717508089981
0.71763732795
0.717962726847
0.719166137852
0.719454779443
0.720613772491
0.723598503258
0.72451374873
0.72573215540
0.72761787288
0.72815439421
0.728408609085
0.729306960746
0.730133707454
0.73037251102
0.7314627228
0.73150547250
0.7320612647
0.73374443871
0.73418485978
0.73509164794
0.7375
0.7380624426
0.73843560627
0.73909894649
0.73950547000
0.739681922904
0.741639520385
0.741761952452
0.7423536034383
0.74400093976
0.74429541939
0.7449764016
0.745
0.7458280320
0.746338052448
0.7465773564336
0.74718766820
0.748448416229
0.74965894957
0.750808122380
0.751
0.751261115038
0.75154
0.7516254225474
0.7529065430494
0.75304798900
0.754
0.754470427192
0.75473
0.75496337007
0.7555354095
0.75599276085
0.75689193363
0.756899382059
0.757118945031
0.758433236391
0.759777464363
0.76003196831
0.76068138902
0.761194081655
0.76188923605
0.7637418483
0.76391483053
0.7639335
0.76579581473
0.766
0.76670638621
0.76727953408
0.76772039193
0.76818455674
0.768498945480
0.76867227339
0.769020998327
0.769585866948
0.770374845874
0.770620171033
0.770909760511
0.77113024025
0.77136654042
0.77149252038
0.77267804332
0.77534458995
0.77615531125
0.7775009067
0.7776620
0.778149
0.778164353310
0.778313192792
0.778949400076
0.7796281140
0.78193369973
0.78231335990
0.78259846861
0.78282
0.7828869765
0.7829485661
0.78318548958
0.78330
0.7854433453623
0.785521849527
0.78646802352
0.786813538431
0.788353566535
0.78921201205
0.79
0.79
0.79054924
0.79123225301
0.79152571562
0.791822441873
0.792235920118
0.79265922183
0.79267387666
0.79281
0.793348
0.793902802035
0.79425387952
0.794882546
0.7949966745699
0.79691
0.79747807530
0.79845156695
0.798692542358
0.7989
0.799
0.80013207321
0.80169309688
0.80291
0.803050264794
0.8035
0.80430423739
0.8043410792712
0.806
0.8069
0.807564614019
0.808164371415
0.808546089
0.81071772906
0.8126
0.813374778317
0.81347
0.8136719864
0.81369030283
0.81421524225
0.8151811027646
0.815269
0.81627308018
0.81731160245
0.817329808312
0.81982
0.819926244934
0.81999003685
0.82048764242
0.821035080573
0.8216
0.8222487311
0.82333927128
0.8237009813
0.825935803096
0.82709737059
0.827776461518
0.82783808575
0.8280
0.82886088996
0.82916602078
0.82982878524
0.83026988471
0.8311557274
0.83200194892
0.8327416126878
0.832911328744
0.834839272621
0.8357974680
0.83714819649
0.8373653018
0.837534946983
0.83922081265
0.839394324968
0.8406799814
0.840738545
0.840906468392
0.841157774341
0.84186451859
0.84210384000
0.842408
0.84280532179
0.843547910278
0.84398039688
0.84408063192
0.8441085753
0.84534757461
0.84649413462
0.8467928462
0.846907
0.84893275073
0.8492425970
0.85066494337
0.85101380329
0.851078948902
0.8518902768
0.852047483505
0.8544816637
0.855401265709
0.855986
0.856748867762
0.8591920352
0.85936846681
0.86033211599
0.8603878390
0.860777
0.8610674067
0.861379642641
0.8621
0.86212201059
0.86428620828
0.8648728046988
0.8652353343
0.865606225032
0.86597096270
0.866342509
0.86634928471
0.86692667139
0.86744387855
0.86791
0.86794888009
0.868735115025
0.868804249026
0.87071155949
0.8712426056
0.871682832986
0.87426457245
0.87448588170
0.875137
0.87595
0.876044286677
0.87704381015
0.87723907778
0.87756123714
0.878889431192
0.8797908756
0.880334321703
0.880858250434
0.8814384311
0.88277826565
0.883331781241
0.883890454005
0.88524028123
0.88661249686
0.88732464056
0.88755
0.88771945634
0.890536510200
0.89059449625
0.8912645399
0.89295866978
0.893319660649
0.89336
0.895285284345
0.897254102404
0.89747
0.899232734814
0.89937672140
0.900009289
0.900105016
0.90231562918
0.90391335651
0.9050668203089
0.90513735425
0.90539388830
0.90697686069
0.907
0.90982270118
0.910319586358
0.910362984150
0.9111
0.91137
0.912
0.912511685262
0.91291580208
0.912971
0.91521580361
0.9157
0.91580349720
0.91693752262
0.918410326286
0.921459731325
0.92149286624
0.922474730055
0.9233913866507
0.92383371069
0.923871917718
0.924053918109
0.92494482303
0.92627590497
0.927
0.92717774151
0.9277722389
0.92810750775
0.928323751417
0.92847
0.92853
0.931089084936
0.931210094606
0.931733093470
0.932692952758
0.93316251394
0.93326558076
0.9333
0.933971582308
0.93555704483
0.935772204694
0.93644800775
0.93742937
0.93801422813
0.9381
0.93916547876
0.9396900396
0.94
0.94096161661
0.9429509945598
0.943157882843
0.9438712975
0.944783886655
0.945224316
0.945844752002
0.94725581104
0.9475584093
0.947903
0.94823697410
0.950288537028
0.950977
0.952708902877
0.95318168518
0.95338418817
0.954158007
0.95567326930
0.95654854873
0.95726683934
0.95746393536
0.957616630291
0.95770
0.95775094505
0.95799116473
0.959447931541
0.959466
0.96104262694
0.9615
0.96251061056
0.963017825057
0.96334832315
0.96509596606
0.96517329497
0.96733836953
0.9678462129
0.97044
0.9724288509136
0.973393691872
0.97345803480
0.97435
0.97470037336
0.974724730631
0.97540989108
0.975736826742
0.977
0.97846813844
0.979
0.9793
0.98190211848
0.982
0.98303
0.98778306934
0.9882805974
0.989706023196
0.989831207210
0.991026616395
0.99468068673
0.9958
0.99602345227
0.9961077952
0.999
0.999245
1.0020
1.00403745670
1.00451255339
1.004592528853
1.00495831813
1.00764
1.00890
1.0098766696
1.01046173336
1.01073895346
1.01100245325
1.011233535
1.01169421772
1.01172719111
1.0136087473
1.01421948495
1.014529
1.014684793189
1.0152573918
1.0163491951
1.01694836198
1.018392746362
1.018452868182
1.01909277135
1.01937155664
1.02287514082
1.023152
1.02350369913
1.0258308926
1.028620
1.0297
1.0298
1.030002112040
1.03082
1.0324711993
1.03606727254
1.03771
1.037824001161
1.0379310509
1.0390764758510
1.039203
1.043361628655
1.04431270179
1.044851
1.045406855598
1.045632444772
1.046117156733
1.0468098769
1.048132105087
1.048718553809
1.04876
1.05422825038
1.05684436863
1.0581481703
1.0582
1.05883304424
1.0598487584
1.060363543971
1.061
1.062880
1.063
1.063906282526
1.065578
1.06606087128
1.066371071565
1.06870769134
1.071118109859
1.07212121207
1.0729678942
1.07356658405
1.07387774187
1.0739
1.07393
1.074080076347
1.0762
1.0771014910
1.0773327013
1.0773950915
1.07764729476
1.07792434298
1.078954946883
1.081
1.0811635266
1.0813471470
1.08184378189
1.0819104982770
1.08351351364
1.08401994353
1.08552061541
1.087417728071
1.08774918841
1.091008429855
1.092
1.09234815284
1.09439626470
1.095452157610
1.096441140382
1.09680600340
1.09770570486
1.09858060946
1.09904716266
1.099195959243
1.099651368044
1.1015546927
1.1037264
1.10640
1.10872484960
1.11013244403
1.110944
1.116098408825
1.11617445717
1.1182253452412
1.11859068945
1.121561892
1.12194419355
1.12234168628
1.12448108944
1.124835742767
1.133076123659
1.1339000
1.13744972551
1.1382856833155
1.1384027132
1.14331584211
1.1459
1.146594847118
1.1469058
1.1491957
1.14926937103
1.1494989184
1.150590428417
1.15139859175
1.1552719604
1.15636028782
1.1586
1.15951978505
1.160592538166
1.16113257983
1.16174310971
1.16318571439
1.164
1.16574138660
1.1664490044
1.1667
1.166900
1.169340685
1.16989
1.170867244109
1.172719
1.172763402020
1.174875
1.17584002290
1.1759678772
1.17779
1.17938703902
1.18102329730
1.1812692298
1.181463382967
1.185002619791
1.187913065936
1.18930900495
1.19
1.1910239966
1.19276
1.19343919921
1.1973833938
1.19863027492
1.2028517540847
1.20289346322
1.2046438889
1.20530328456
1.20537444137
1.20640428819
1.206801436397
1.207164839778
1.20756776526
1.20869424580
1.211785094647
1.21338122674
1.21409049248
1.2144405115160
1.215697613611
1.2165
1.216804657740
1.2169757230
1.217094296058
1.21835359632
1.2195938825
1.22047000453
1.2210199818
1.2214259588
1.2217076921
1.2229485205457
1.22335230807
1.22377745359
1.22475441462
1.2257819960
1.226005572598
1.22723540015
1.229312421
1.231304776630
1.23197
1.23224
1.2330326022910
1.23485362778
1.23489349389
1.235757452781
1.2381295438682
1.23830534423
1.23900057924
1.240102460176
1.240699038946
1.241
1.241421391299
1.24196459936
1.24250830909
1.24441859615
1.245856132914
1.24589
1.24591463402
1.2476661740
1.2479609557
1.2483
1.24855
1.248616964290
1.24992353738
1.25308459010
1.25405163056
1.25546857429
1.25718110369
1.25751149260
1.257787625
1.26021405926
1.261857209134
1.262
1.262
1.262471311613
1.26679012424
1.26699835538
1.267535702756
1.27024
1.2708469267902
1.2712
1.2712
1.27226037471
1.27284159978
1.273011
1.2737682915785
1.27394512577
1.2764458195155
1.27794162459
1.27905759523
1.2791931935
1.2794023539
1.28171902379
1.2836598429
1.286014595
1.28656437956
1.2893787775
1.292241446862
1.2930999463
1.2940
1.296850239
1.29687
1.29783683782
1.2996934495
1.30022
1.3005131462
1.301922529969
1.30316
1.306150
1.3061978120
1.3086
1.3091087873
1.3100
1.31089402030
1.31221843801
1.31855
1.31937338530
1.31975904174
1.3204904144
1.32065850582
1.32152
1.324921971385
1.3261485670
1.3323097198
1.33396499366
1.33444985809
1.3345572305
1.33538779057
1.336
1.3373021601895
1.3433614881
1.34472401604
1.34601218493
1.34740377571
1.34789947290
1.349184471846
1.35123639261
1.35329095462
1.358307010526
1.35872676315
1.35874531269
1.3606029280
1.3607376877
1.362817392033
1.362890350697
1.3634920
1.364678767282
1.36586
1.3664496471
1.36656
1.366682059422
1.36828292337
1.368882242545
1.36903
1.37146
1.373654387
1.3738151214
1.37786849563
1.380182295
1.3824491030388
1.38347
1.383965
1.3856036231
1.386
1.386368074588
1.387041160155
1.387584446262
1.38813712856
1.38899395038
1.3891369360
1.3892
1.3896046876
1.39
1.39072342303
1.39179
1.3927154635
1.39348448168
1.393729135204
1.39410378554
1.396404983684
1.39659854604
1.40504
1.40906524128
1.412090
1.419
1.42016034143
1.42112434544
1.42147
1.42165378409
1.42199
1.4231018383
1.423889144409
1.424568215153
1.427
1.431066414236
1.4327041968
1.436309536149
1.436630853525
1.43836860189
1.441741592612
1.442349479143
1.44244752060
1.444
1.444653102317
1.444777140820
1.451319471078
1.456004
1.457739
1.464664549334
1.46507137487
1.46565577133
1.466820306152
1.473
1.47363
1.47452
1.476687
1.478480373
1.4787213559
1.48074382424
1.4936009186
1.49409061528
1.49488
1.49785
1.4986374368
1.5048345580
1.50587455169
1.50773
1.508
1.5088
1.51150850359
1.51569599263
1.5165309654
1.51926
1.5215451697
1.5218
1.5246721060
1.525
1.525265633965
1.526085076
1.52704227084
1.52812410566
1.52829508058
1.5340081422
1.5364901376
1.5384267263
1.541412044233
1.54270444942
1.5454
1.5468189400
1.5469381168652
1.551535
1.55791724762
1.5652179638
1.56560114802
1.567994018480
1.5702755247
1.57459
1.575886338359
1.576924632943
1.57728908489
1.5787928888
1.57905
1.59241948019
1.5947455499
1.59979837536
1.6001140423
1.60222797387
1.60276
1.60398355528
1.608816302697
1.6090199964
1.60970633781
1.61566378034
1.61612987171
1.616231495126
1.618
1.6183389208
1.62373
1.62540547240
1.63084630957
1.6335656928
1.63451
1.63679245172
1.6371290072
1.643622185327
1.6437260020
1.6528618528869
1.65510
1.6560095697
1.656439759937
1.65742878336
1.6576564582
1.66117674023
1.66302
1.664500786185
1.66566523108
1.66672
1.67237234272
1.6725956812
1.67443
1.6781063295
1.679164229064
1.68053
1.68057296916
1.68350668862
1.68741829531
1.69265634040
1.703739137858
1.7039457055
1.708233
1.70915449528
1.71842
1.72370
1.72681020359
1.73
1.735898235
1.7419
1.745
1.74729348943
1.74830750523
1.74955174610
1.75098916325
1.75250806376
1.75531107981
1.757205868816
1.76134
1.76193424742
1.766208099
1.769827846
1.77534382596
1.7769
1.77922557495
1.781927762343
1.7838649877
1.785613304904
1.78703680542
1.7884904528
1.7898294664
1.79624970117
1.797962
1.798069
1.799
1.7992724923
1.7993956675
1.804694945768
1.80706867799
1.81156061131
1.81756503106
1.81846119286
1.8194
1.8308574530
1.83225931855
1.83233207264
1.83246
1.837
1.839944701185
1.8400035414
1.8409859072
1.8465342015
1.84891880365
1.855276
1.85656971650
1.86433186749
1.8729943770
1.874268518252
1.87601852435
1.8767576226
1.8785
1.88347965849
1.888
1.8894355004
1.89298180353
1.8933526999
1.89374869377
1.901
1.90196739931
1.9031119816
1.90580870607
1.90849449143
1.90881
1.91142802251
1.91241975129
1.91513066964
1.916353
1.92030213052
1.92066632921
1.9258717727
1.93162674308
1.934478067294
1.93975818010
1.9447889728
1.9544296353
1.95685759005
1.95873704232
1.961572303613
1.96353198352
1.9743
1.97493
1.97884743163
1.98459736713
1.9968990135
2.01526299651
2.02078
2.02752438872
2.0349894792
2.03864
2.0386738254
2.0405315742
2.043082458401
2.04385
2.0468376289
2.052574490
2.05621
2.05743
2.05831378861
2.0604
2.0623862583
2.0631
2.0667
2.06983302
2.0710402725
2.07215459758
2.0743770781
2.081343459724
2.0902480768
2.0915
2.093136309720
2.09362
2.09944017034
2.1072633712
2.11097411794
2.11126473382
2.115171148865
2.1235057036
2.1281
2.129665364024
2.1335912144
2.14534
2.15430706064
2.161258926939
2.161308494552
2.1656793503
2.1707012972
2.1770
2.180
2.18019517754
2.1827459895
2.18400134708
2.18819
2.1914979680
2.19160
2.19198689593
2.2023250770
2.20317
2.21580173889
2.21860264699
2.22025
2.2217871479
2.22759
2.22943126698
2.232969028273
2.23376977466
2.256488426824
2.26091
2.261364513
2.273
2.27755
2.27966105858
2.2805971963
2.28244
2.2830933508
2.28507617026
2.2911
2.3032990816
2.30487883766
2.30615269700
2.3066415539
2.31
2.31165
2.31413082909
2.33026282052
2.34348
2.34748836313
2.35174493646
2.352135
2.3552781933
2.3657140252
2.382
2.39139679486
2.40762231135
2.414652314520
2.41760539437
2.42077097760
2.43679543159
2.43743249609
2.454618042634
2.45788177758
2.461051995
2.47756787384
2.4823018
2.48380369300
2.48499
2.4961
2.49701169613
2.499469846087
2.50566
2.51165
2.5122628118
2.51794502050
2.5504982104
2.55287
2.559356631
2.565
2.577223412
2.594578
2.59702715738
2.61891846726
2.6238585620
2.64219851320
2.64222343904
2.65043929892
2.6630796830
2.67568226451
2.71009
2.7124228384
2.71455556146
2.7179341360
2.7230498235
2.7247846
2.73086158552
2.74598
2.74664729014
2.7602279448
2.76419486975
2.7642094208
2.77346077007
2.7800791979
2.78891789352
2.79102517845
2.8433888097
2.84385038524
2.84691
2.857
2.8579410013
2.86433773648
2.8727736506
2.902504
2.9193969868
2.9351864592
2.9483896038
2.951938334
2.988192686
3.0130
3.02530070997
3.032071956385
3.0595096022
3.07
3.07378325868
3.08825579295
3.174831829
3.2410285031
3.24498
3.2532108384
3.2702418032
3.29015
3.31400150122
3.325
3.357
3.3597
3.3785742533
3.4065386707
3.418039313
3.4253237068
3.42846630955
3.4423084877
3.44938495332
3.453004027
3.4531211813
3.46503778264
3.4673015170
3.5297
3.5599372320
3.5975735967
3.6311696786
3.65120
3.6872190477
3.74553925030
3.74663
3.7556
3.75949148736
3.763733080
3.77214
3.7840
3.824936
3.8858
3.901
3.90450636119
3.9146579157
3.9538529596
3.975905188
3.99540
4.0607548116
4.061
4.1375385239
4.169
4.2370102164
4.26321348
4.3018721008
4.30818959857
4.327020261
4.3523029680
4.3921587127
4.4767225398
4.4913183586
4.5578200962
4.6003689902
4.60294
4.6301880619
4.634
4.6932329333
4.71467
4.729
4.7567963794
4.7585755679
4.796636975
4.817735830
4.8628739612
4.86428379983
4.8788385261
4.9103790783
4.9624272525
5.01248
5.01340011141
5.0940830275
5.198346
5.3093766847
5.540742829
5.639047079
5.76209653
5.7637770030
5.9774927370
6.1930040852
6.2215526663
6.27
6.355
6.403055372
6.443
6.4450360861
6.4520766
6.59756252242
6.7070457241
6.8276928022
6.88
6.94
6.97127
6.9790709703
7.05520287
7.55592
7.5654084
7.707183007
7.7336402649
8.020392
8.0470
8.391115532
8.43772106
8.509827491
8.6889941
9.07838822
9.42822888
9.89012
10.31252206
10.61065628
11.0062624
11.37038593
11.55871346
11.7889784
12.1225649313
14.0499
23.535378476
