# Phase, Radial Velocity (km/s)
0.000,76.847
0.001,77.726
0.002,78.605
0.002,79.484
0.003,80.361
0.004,81.239
0.005,82.116
0.005,82.992
0.006,83.868
0.007,84.744
0.008,85.618
0.008,86.492
0.009,87.366
0.010,88.239
0.011,89.111
0.011,89.983
0.012,90.854
0.013,91.724
0.014,92.593
0.014,93.462
0.015,94.330
0.016,95.197
0.017,96.063
0.017,96.929
0.018,97.793
0.019,98.657
0.020,99.520
0.020,100.382
0.021,101.243
0.022,102.103
0.023,102.962
0.023,103.820
0.024,104.678
0.025,105.534
0.026,106.389
0.026,107.243
0.027,108.096
0.028,108.948
0.029,109.798
0.029,110.648
0.030,111.497
0.031,112.344
0.032,113.190
0.032,114.035
0.033,114.879
0.034,115.721
0.035,116.562
0.035,117.402
0.036,118.241
0.037,119.078
0.038,119.914
0.038,120.749
0.039,121.582
0.040,122.414
0.041,123.244
0.041,124.074
0.042,124.901
0.043,125.727
0.044,126.552
0.044,127.375
0.045,128.197
0.046,129.017
0.047,129.835
0.047,130.652
0.048,131.468
0.049,132.281
0.050,133.093
0.050,133.904
0.051,134.713
0.052,135.520
0.053,136.325
0.053,137.129
0.054,137.931
0.055,138.731
0.056,139.530
0.056,140.327
0.057,141.121
0.058,141.915
0.059,142.706
0.059,143.495
0.060,144.283
0.061,145.068
0.062,145.852
0.062,146.634
0.063,147.414
0.064,148.191
0.065,148.967
0.065,149.741
0.066,150.513
0.067,151.283
0.068,152.051
0.068,152.817
0.069,153.580
0.070,154.342
0.071,155.101
0.071,155.859
0.072,156.614
0.073,157.367
0.074,158.118
0.074,158.867
0.075,159.613
0.076,160.357
0.077,161.099
0.077,161.839
0.078,162.577
0.079,163.312
0.080,164.045
0.080,164.775
0.081,165.503
0.082,166.229
0.083,166.953
0.083,167.674
0.084,168.392
0.085,169.108
0.086,169.822
0.086,170.534
0.087,171.243
0.088,171.949
0.089,172.653
0.089,173.354
0.090,174.053
0.091,174.749
0.092,175.443
0.092,176.134
0.093,176.823
0.094,177.509
0.095,178.192
0.095,178.873
0.096,179.551
0.097,180.226
0.098,180.899
0.098,181.569
0.099,182.236
0.100,182.901
0.101,183.563
0.101,184.222
0.102,184.878
0.103,185.532
0.104,186.182
0.104,186.830
0.105,187.475
0.106,188.118
0.107,188.757
0.107,189.393
0.108,190.027
0.109,190.658
0.110,191.286
0.110,191.911
0.111,192.533
0.112,193.152
0.113,193.768
0.113,194.381
0.114,194.991
0.115,195.598
0.116,196.202
0.116,196.803
0.117,197.401
0.118,197.996
0.119,198.587
0.119,199.176
0.120,199.762
0.121,200.344
0.122,200.924
0.122,201.500
0.123,202.073
0.124,202.643
0.125,203.210
0.125,203.773
0.126,204.334
0.127,204.891
0.128,205.445
0.128,205.996
0.129,206.543
0.130,207.087
0.131,207.628
0.131,208.166
0.132,208.700
0.133,209.231
0.134,209.759
0.134,210.283
0.135,210.804
0.136,211.322
0.137,211.836
0.137,212.347
0.138,212.855
0.139,213.359
0.140,213.860
0.140,214.357
0.141,214.851
0.142,215.341
0.143,215.828
0.143,216.312
0.144,216.792
0.145,217.268
0.146,217.741
0.146,218.211
0.147,218.677
0.148,219.139
0.149,219.598
0.149,220.054
0.150,220.506
0.151,220.954
0.152,221.398
0.152,221.840
0.153,222.277
0.154,222.711
0.155,223.141
0.155,223.568
0.156,223.991
0.157,224.410
0.158,224.826
0.158,225.238
0.159,225.646
0.160,226.051
0.161,226.452
0.161,226.849
0.162,227.243
0.163,227.633
0.164,228.019
0.164,228.401
0.165,228.780
0.166,229.155
0.167,229.526
0.167,229.894
0.168,230.257
0.169,230.617
0.170,230.973
0.170,231.325
0.171,231.674
0.172,232.018
0.173,232.359
0.173,232.696
0.174,233.029
0.175,233.359
0.176,233.684
0.176,234.006
0.177,234.323
0.178,234.637
0.179,234.947
0.179,235.253
0.180,235.555
0.181,235.854
0.182,236.148
0.182,236.438
0.183,236.725
0.184,237.008
0.185,237.286
0.185,237.561
0.186,237.832
0.187,238.099
0.188,238.361
0.188,238.620
0.189,238.875
0.190,239.126
0.191,239.373
0.191,239.616
0.192,239.855
0.193,240.090
0.194,240.321
0.194,240.548
0.195,240.771
0.196,240.990
0.197,241.205
0.197,241.416
0.198,241.623
0.199,241.826
0.200,242.025
0.200,242.220
0.201,242.411
0.202,242.597
0.203,242.780
0.203,242.958
0.204,243.133
0.205,243.303
0.206,243.470
0.206,243.632
0.207,243.790
0.208,243.945
0.209,244.095
0.209,244.241
0.210,244.382
0.211,244.520
0.212,244.654
0.212,244.784
0.213,244.909
0.214,245.030
0.215,245.148
0.215,245.261
0.216,245.370
0.217,245.475
0.218,245.576
0.218,245.672
0.219,245.765
0.220,245.853
0.221,245.938
0.221,246.018
0.222,246.094
0.223,246.166
0.224,246.234
0.224,246.297
0.225,246.357
0.226,246.412
0.227,246.463
0.227,246.510
0.228,246.553
0.229,246.592
0.230,246.627
0.230,246.657
0.231,246.684
0.232,246.706
0.233,246.724
0.233,246.738
0.234,246.748
0.235,246.753
0.236,246.755
0.236,246.752
0.237,246.745
0.238,246.734
0.239,246.719
0.239,246.700
0.240,246.677
0.241,246.649
0.242,246.617
0.242,246.582
0.243,246.542
0.244,246.498
0.245,246.449
0.245,246.397
0.246,246.340
0.247,246.280
0.248,246.215
0.248,246.146
0.249,246.073
0.250,245.996
0.251,245.914
0.251,245.829
0.252,245.739
0.253,245.646
0.254,245.548
0.254,245.446
0.255,245.340
0.256,245.229
0.257,245.115
0.257,244.997
0.258,244.874
0.259,244.748
0.260,244.617
0.260,244.482
0.261,244.343
0.262,244.200
0.263,244.053
0.263,243.902
0.264,243.746
0.265,243.587
0.266,243.424
0.266,243.256
0.267,243.084
0.268,242.909
0.269,242.729
0.269,242.545
0.270,242.357
0.271,242.165
0.272,241.970
0.272,241.770
0.273,241.566
0.274,241.357
0.275,241.145
0.275,240.929
0.276,240.709
0.277,240.485
0.278,240.257
0.278,240.025
0.279,239.789
0.280,239.548
0.281,239.304
0.281,239.056
0.282,238.804
0.283,238.548
0.284,238.288
0.284,238.024
0.285,237.756
0.286,237.484
0.287,237.208
0.287,236.929
0.288,236.645
0.289,236.357
0.290,236.066
0.290,235.770
0.291,235.471
0.292,235.168
0.293,234.860
0.293,234.549
0.294,234.234
0.295,233.916
0.296,233.593
0.296,233.267
0.297,232.936
0.298,232.602
0.299,232.264
0.299,231.922
0.300,231.576
0.301,231.227
0.302,230.874
0.302,230.516
0.303,230.156
0.304,229.791
0.305,229.422
0.305,229.050
0.306,228.674
0.307,228.294
0.308,227.911
0.308,227.524
0.309,227.133
0.310,226.738
0.311,226.340
0.311,225.938
0.312,225.532
0.313,225.123
0.314,224.710
0.314,224.293
0.315,223.873
0.316,223.448
0.317,223.021
0.317,222.590
0.318,222.155
0.319,221.716
0.320,221.274
0.320,220.828
0.321,220.379
0.322,219.926
0.323,219.470
0.323,219.010
0.324,218.546
0.325,218.079
0.326,217.609
0.326,217.135
0.327,216.657
0.328,216.176
0.329,215.692
0.329,215.204
0.330,214.712
0.331,214.218
0.332,213.719
0.332,213.218
0.333,212.713
0.334,212.204
0.335,211.692
0.335,211.177
0.336,210.658
0.337,210.136
0.338,209.611
0.338,209.082
0.339,208.550
0.340,208.015
0.341,207.477
0.341,206.935
0.342,206.390
0.343,205.841
0.344,205.290
0.344,204.735
0.345,204.177
0.346,203.615
0.347,203.051
0.347,202.483
0.348,201.912
0.349,201.338
0.350,200.761
0.350,200.181
0.351,199.598
0.352,199.011
0.353,198.422
0.353,197.829
0.354,197.233
0.355,196.634
0.356,196.032
0.356,195.428
0.357,194.820
0.358,194.209
0.359,193.595
0.359,192.978
0.360,192.358
0.361,191.735
0.362,191.110
0.362,190.481
0.363,189.849
0.364,189.215
0.365,188.578
0.365,187.937
0.366,187.294
0.367,186.649
0.368,186.000
0.368,185.348
0.369,184.694
0.370,184.037
0.371,183.377
0.371,182.715
0.372,182.049
0.373,181.381
0.374,180.710
0.374,180.037
0.375,179.361
0.376,178.682
0.377,178.000
0.377,177.316
0.378,176.630
0.379,175.940
0.380,175.249
0.380,174.554
0.381,173.857
0.382,173.157
0.383,172.455
0.383,171.751
0.384,171.044
0.385,170.334
0.386,169.622
0.386,168.908
0.387,168.191
0.388,167.471
0.389,166.750
0.389,166.025
0.390,165.299
0.391,164.570
0.392,163.839
0.392,163.105
0.393,162.370
0.394,161.632
0.395,160.891
0.395,160.149
0.396,159.404
0.397,158.657
0.398,157.907
0.398,157.156
0.399,156.402
0.400,155.646
0.401,154.888
0.401,154.128
0.402,153.366
0.403,152.602
0.404,151.835
0.404,151.067
0.405,150.297
0.406,149.524
0.407,148.750
0.407,147.973
0.408,147.195
0.409,146.414
0.410,145.632
0.410,144.848
0.411,144.062
0.412,143.274
0.413,142.484
0.413,141.692
0.414,140.898
0.415,140.103
0.416,139.306
0.416,138.507
0.417,137.706
0.418,136.904
0.419,136.099
0.419,135.293
0.420,134.486
0.421,133.676
0.422,132.866
0.422,132.053
0.423,131.239
0.424,130.423
0.425,129.605
0.425,128.787
0.426,127.966
0.427,127.144
0.428,126.320
0.428,125.495
0.429,124.669
0.430,123.841
0.431,123.011
0.431,122.181
0.432,121.348
0.433,120.515
0.434,119.680
0.434,118.843
0.435,118.006
0.436,117.167
0.437,116.326
0.437,115.485
0.438,114.642
0.439,113.798
0.440,112.953
0.440,112.106
0.441,111.258
0.442,110.410
0.443,109.560
0.443,108.709
0.444,107.856
0.445,107.003
0.446,106.149
0.446,105.293
0.447,104.437
0.448,103.579
0.449,102.721
0.449,101.862
0.450,101.001
0.451,100.140
0.452,99.278
0.452,98.415
0.453,97.551
0.454,96.686
0.455,95.820
0.455,94.953
0.456,94.086
0.457,93.218
0.458,92.349
0.458,91.479
0.459,90.609
0.460,89.738
0.461,88.866
0.461,87.994
0.462,87.121
0.463,86.247
0.464,85.373
0.464,84.498
0.465,83.622
0.466,82.746
0.467,81.870
0.467,80.993
0.468,80.115
0.469,79.237
0.470,78.358
0.470,77.479
0.471,76.600
0.472,75.720
0.473,74.840
0.473,73.960
0.474,73.079
0.475,72.198
0.476,71.316
0.476,70.434
0.477,69.552
0.478,68.670
0.479,67.787
0.479,66.905
0.480,66.022
0.481,65.139
0.482,64.256
0.482,63.372
0.483,62.489
0.484,61.605
0.485,60.722
0.485,59.838
0.486,58.954
0.487,58.071
0.488,57.187
0.488,56.303
0.489,55.420
0.490,54.536
0.491,53.653
0.491,52.769
0.492,51.886
0.493,51.003
0.494,50.120
0.494,49.237
0.495,48.355
0.496,47.473
0.497,46.590
0.497,45.709
0.498,44.827
0.499,43.946
0.500,43.065
0.501,42.184
0.501,41.304
0.502,40.424
0.503,39.545
0.504,38.666
0.504,37.787
0.505,36.909
0.506,36.032
0.507,35.154
0.507,34.278
0.508,33.402
0.509,32.526
0.510,31.651
0.510,30.777
0.511,29.903
0.512,29.030
0.513,28.157
0.513,27.286
0.514,26.414
0.515,25.544
0.516,24.674
0.516,23.805
0.517,22.937
0.518,22.070
0.519,21.203
0.519,20.337
0.520,19.472
0.521,18.608
0.522,17.745
0.522,16.882
0.523,16.021
0.524,15.161
0.525,14.301
0.525,13.442
0.526,12.585
0.527,11.728
0.528,10.873
0.528,10.018
0.529,9.165
0.530,8.313
0.531,7.461
0.531,6.611
0.532,5.762
0.533,4.915
0.534,4.068
0.534,3.223
0.535,2.378
0.536,1.535
0.537,0.694
0.537,-0.147
0.538,-0.986
0.539,-1.824
0.540,-2.660
0.540,-3.495
0.541,-4.329
0.542,-5.162
0.543,-5.993
0.543,-6.822
0.544,-7.650
0.545,-8.477
0.546,-9.302
0.546,-10.126
0.547,-10.948
0.548,-11.769
0.549,-12.588
0.549,-13.406
0.550,-14.222
0.551,-15.036
0.552,-15.849
0.552,-16.660
0.553,-17.470
0.554,-18.277
0.555,-19.084
0.555,-19.888
0.556,-20.691
0.557,-21.492
0.558,-22.291
0.558,-23.088
0.559,-23.884
0.560,-24.678
0.561,-25.470
0.561,-26.260
0.562,-27.048
0.563,-27.834
0.564,-28.619
0.564,-29.401
0.565,-30.182
0.566,-30.961
0.567,-31.737
0.567,-32.512
0.568,-33.285
0.569,-34.055
0.570,-34.824
0.570,-35.591
0.571,-36.355
0.572,-37.118
0.573,-37.878
0.573,-38.636
0.574,-39.392
0.575,-40.146
0.576,-40.898
0.576,-41.648
0.577,-42.395
0.578,-43.140
0.579,-43.883
0.579,-44.624
0.580,-45.362
0.581,-46.098
0.582,-46.832
0.582,-47.563
0.583,-48.292
0.584,-49.019
0.585,-49.743
0.585,-50.465
0.586,-51.185
0.587,-51.902
0.588,-52.617
0.588,-53.329
0.589,-54.039
0.590,-54.747
0.591,-55.452
0.591,-56.154
0.592,-56.854
0.593,-57.551
0.594,-58.246
0.594,-58.938
0.595,-59.628
0.596,-60.315
0.597,-60.999
0.597,-61.681
0.598,-62.360
0.599,-63.036
0.600,-63.710
0.600,-64.381
0.601,-65.050
0.602,-65.715
0.603,-66.378
0.603,-67.038
0.604,-67.696
0.605,-68.350
0.606,-69.002
0.606,-69.651
0.607,-70.297
0.608,-70.941
0.609,-71.581
0.609,-72.219
0.610,-72.854
0.611,-73.486
0.612,-74.115
0.612,-74.741
0.613,-75.364
0.614,-75.984
0.615,-76.601
0.615,-77.216
0.616,-77.827
0.617,-78.435
0.618,-79.040
0.618,-79.642
0.619,-80.242
0.620,-80.838
0.621,-81.431
0.621,-82.021
0.622,-82.608
0.623,-83.191
0.624,-83.772
0.624,-84.350
0.625,-84.924
0.626,-85.495
0.627,-86.063
0.627,-86.628
0.628,-87.190
0.629,-87.748
0.630,-88.303
0.630,-88.855
0.631,-89.404
0.632,-89.950
0.633,-90.492
0.633,-91.031
0.634,-91.566
0.635,-92.099
0.636,-92.628
0.636,-93.153
0.637,-93.676
0.638,-94.195
0.639,-94.711
0.639,-95.223
0.640,-95.732
0.641,-96.237
0.642,-96.739
0.642,-97.238
0.643,-97.733
0.644,-98.225
0.645,-98.713
0.645,-99.198
0.646,-99.680
0.647,-100.158
0.648,-100.632
0.648,-101.103
0.649,-101.570
0.650,-102.034
0.651,-102.495
0.651,-102.951
0.652,-103.405
0.653,-103.854
0.654,-104.300
0.654,-104.743
0.655,-105.182
0.656,-105.617
0.657,-106.049
0.657,-106.477
0.658,-106.902
0.659,-107.322
0.660,-107.740
0.660,-108.153
0.661,-108.563
0.662,-108.969
0.663,-109.372
0.663,-109.770
0.664,-110.165
0.665,-110.557
0.666,-110.944
0.666,-111.328
0.667,-111.708
0.668,-112.085
0.669,-112.458
0.669,-112.826
0.670,-113.192
0.671,-113.553
0.672,-113.910
0.672,-114.264
0.673,-114.614
0.674,-114.960
0.675,-115.303
0.675,-115.641
0.676,-115.976
0.677,-116.307
0.678,-116.634
0.678,-116.957
0.679,-117.276
0.680,-117.591
0.681,-117.903
0.681,-118.210
0.682,-118.514
0.683,-118.814
0.684,-119.110
0.684,-119.402
0.685,-119.690
0.686,-119.974
0.687,-120.254
0.687,-120.531
0.688,-120.803
0.689,-121.071
0.690,-121.336
0.690,-121.596
0.691,-121.853
0.692,-122.105
0.693,-122.354
0.693,-122.599
0.694,-122.839
0.695,-123.076
0.696,-123.308
0.696,-123.537
0.697,-123.762
0.698,-123.982
0.699,-124.199
0.699,-124.411
0.700,-124.620
0.701,-124.824
0.702,-125.025
0.702,-125.221
0.703,-125.414
0.704,-125.602
0.705,-125.786
0.705,-125.966
0.706,-126.143
0.707,-126.315
0.708,-126.483
0.708,-126.647
0.709,-126.806
0.710,-126.962
0.711,-127.114
0.711,-127.261
0.712,-127.405
0.713,-127.544
0.714,-127.680
0.714,-127.811
0.715,-127.938
0.716,-128.061
0.717,-128.180
0.717,-128.295
0.718,-128.405
0.719,-128.512
0.720,-128.614
0.720,-128.713
0.721,-128.807
0.722,-128.897
0.723,-128.983
0.723,-129.065
0.724,-129.143
0.725,-129.216
0.726,-129.286
0.726,-129.351
0.727,-129.412
0.728,-129.469
0.729,-129.522
0.729,-129.571
0.730,-129.615
0.731,-129.656
0.732,-129.692
0.732,-129.724
0.733,-129.752
0.734,-129.776
0.735,-129.796
0.735,-129.811
0.736,-129.823
0.737,-129.830
0.738,-129.833
0.738,-129.832
0.739,-129.827
0.740,-129.818
0.741,-129.804
0.741,-129.787
0.742,-129.765
0.743,-129.739
0.744,-129.709
0.744,-129.675
0.745,-129.637
0.746,-129.594
0.747,-129.547
0.747,-129.497
0.748,-129.442
0.749,-129.383
0.750,-129.320
0.750,-129.252
0.751,-129.181
0.752,-129.105
0.753,-129.026
0.753,-128.942
0.754,-128.854
0.755,-128.762
0.756,-128.666
0.756,-128.565
0.757,-128.461
0.758,-128.352
0.759,-128.240
0.759,-128.123
0.760,-128.002
0.761,-127.877
0.762,-127.748
0.762,-127.615
0.763,-127.477
0.764,-127.336
0.765,-127.190
0.765,-127.041
0.766,-126.887
0.767,-126.729
0.768,-126.568
0.768,-126.402
0.769,-126.232
0.770,-126.058
0.771,-125.879
0.771,-125.697
0.772,-125.511
0.773,-125.321
0.774,-125.126
0.774,-124.928
0.775,-124.726
0.776,-124.519
0.777,-124.309
0.777,-124.094
0.778,-123.876
0.779,-123.653
0.780,-123.427
0.780,-123.196
0.781,-122.962
0.782,-122.723
0.783,-122.480
0.783,-122.234
0.784,-121.983
0.785,-121.729
0.786,-121.470
0.786,-121.208
0.787,-120.942
0.788,-120.671
0.789,-120.397
0.789,-120.119
0.790,-119.837
0.791,-119.551
0.792,-119.261
0.792,-118.967
0.793,-118.669
0.794,-118.367
0.795,-118.062
0.795,-117.752
0.796,-117.439
0.797,-117.121
0.798,-116.800
0.798,-116.475
0.799,-116.147
0.800,-115.814
0.801,-115.477
0.801,-115.137
0.802,-114.793
0.803,-114.445
0.804,-114.093
0.804,-113.737
0.805,-113.378
0.806,-113.015
0.807,-112.648
0.807,-112.277
0.808,-111.903
0.809,-111.524
0.810,-111.143
0.810,-110.757
0.811,-110.367
0.812,-109.974
0.813,-109.577
0.813,-109.177
0.814,-108.772
0.815,-108.365
0.816,-107.953
0.816,-107.538
0.817,-107.119
0.818,-106.696
0.819,-106.270
0.819,-105.840
0.820,-105.407
0.821,-104.969
0.822,-104.529
0.822,-104.085
0.823,-103.637
0.824,-103.185
0.825,-102.730
0.825,-102.272
0.826,-101.810
0.827,-101.344
0.828,-100.875
0.828,-100.402
0.829,-99.926
0.830,-99.447
0.831,-98.963
0.831,-98.477
0.832,-97.987
0.833,-97.493
0.834,-96.996
0.834,-96.496
0.835,-95.992
0.836,-95.485
0.837,-94.975
0.837,-94.461
0.838,-93.944
0.839,-93.423
0.840,-92.899
0.840,-92.372
0.841,-91.841
0.842,-91.307
0.843,-90.770
0.843,-90.229
0.844,-89.685
0.845,-89.138
0.846,-88.588
0.846,-88.034
0.847,-87.478
0.848,-86.918
0.849,-86.354
0.849,-85.788
0.850,-85.218
0.851,-84.646
0.852,-84.070
0.852,-83.491
0.853,-82.909
0.854,-82.323
0.855,-81.735
0.855,-81.144
0.856,-80.549
0.857,-79.951
0.858,-79.351
0.858,-78.747
0.859,-78.140
0.860,-77.531
0.861,-76.918
0.861,-76.302
0.862,-75.684
0.863,-75.062
0.864,-74.437
0.864,-73.810
0.865,-73.180
0.866,-72.546
0.867,-71.910
0.867,-71.271
0.868,-70.629
0.869,-69.984
0.870,-69.337
0.870,-68.686
0.871,-68.033
0.872,-67.377
0.873,-66.718
0.873,-66.057
0.874,-65.393
0.875,-64.726
0.876,-64.056
0.876,-63.384
0.877,-62.709
0.878,-62.031
0.879,-61.350
0.879,-60.667
0.880,-59.982
0.881,-59.293
0.882,-58.603
0.882,-57.909
0.883,-57.213
0.884,-56.515
0.885,-55.814
0.885,-55.110
0.886,-54.404
0.887,-53.695
0.888,-52.984
0.888,-52.271
0.889,-51.555
0.890,-50.836
0.891,-50.116
0.891,-49.392
0.892,-48.667
0.893,-47.939
0.894,-47.209
0.894,-46.476
0.895,-45.741
0.896,-45.004
0.897,-44.265
0.897,-43.523
0.898,-42.779
0.899,-42.033
0.900,-41.284
0.900,-40.534
0.901,-39.781
0.902,-39.026
0.903,-38.269
0.903,-37.509
0.904,-36.748
0.905,-35.985
0.906,-35.219
0.906,-34.452
0.907,-33.682
0.908,-32.910
0.909,-32.137
0.909,-31.361
0.910,-30.583
0.911,-29.804
0.912,-29.022
0.912,-28.239
0.913,-27.453
0.914,-26.666
0.915,-25.877
0.915,-25.086
0.916,-24.293
0.917,-23.498
0.918,-22.702
0.918,-21.903
0.919,-21.103
0.920,-20.302
0.921,-19.498
0.921,-18.693
0.922,-17.886
0.923,-17.077
0.924,-16.267
0.924,-15.455
0.925,-14.641
0.926,-13.826
0.927,-13.009
0.927,-12.191
0.928,-11.371
0.929,-10.550
0.930,-9.727
0.930,-8.902
0.931,-8.076
0.932,-7.249
0.933,-6.420
0.933,-5.590
0.934,-4.758
0.935,-3.925
0.936,-3.091
0.936,-2.255
0.937,-1.418
0.938,-0.579
0.939,0.261
0.939,1.102
0.940,1.944
0.941,2.788
0.942,3.632
0.942,4.478
0.943,5.326
0.944,6.174
0.945,7.024
0.945,7.874
0.946,8.726
0.947,9.579
0.948,10.433
0.948,11.288
0.949,12.144
0.950,13.001
0.951,13.859
0.951,14.718
0.952,15.578
0.953,16.439
0.954,17.301
0.954,18.163
0.955,19.027
0.956,19.892
0.957,20.757
0.957,21.623
0.958,22.490
0.959,23.358
0.960,24.227
0.960,25.096
0.961,25.966
0.962,26.837
0.963,27.708
0.963,28.581
0.964,29.453
0.965,30.327
0.966,31.201
0.966,32.076
0.967,32.951
0.968,33.827
0.969,34.703
0.969,35.580
0.970,36.457
0.971,37.335
0.972,38.214
0.972,39.092
0.973,39.972
0.974,40.851
0.975,41.731
0.975,42.612
0.976,43.492
0.977,44.373
0.978,45.255
0.978,46.136
0.979,47.018
0.980,47.901
0.981,48.783
0.981,49.666
0.982,50.548
0.983,51.431
0.984,52.315
0.984,53.198
0.985,54.081
0.986,54.965
0.987,55.848
0.987,56.732
0.988,57.616
0.989,58.499
0.990,59.383
0.990,60.267
0.991,61.150
0.992,62.034
0.993,62.917
0.993,63.801
0.994,64.684
0.995,65.567
0.996,66.450
0.996,67.333
0.997,68.216
0.998,69.098
0.999,69.980
0.999,70.862
1.000,71.744
1.001,72.625
1.002,73.506
1.003,74.387
1.003,75.267
1.004,76.147
1.005,77.027
1.006,77.906
1.006,78.785
1.007,79.663
1.008,80.541
1.009,81.418
1.009,82.295
1.010,83.171
1.011,84.047
1.012,84.922
1.012,85.797
1.013,86.671
1.014,87.544
1.015,88.417
1.015,89.289
1.016,90.161
1.017,91.031
1.018,91.901
1.018,92.771
1.019,93.639
1.020,94.507
1.021,95.374
1.021,96.240
1.022,97.105
1.023,97.970
1.024,98.833
1.024,99.696
1.025,100.558
1.026,101.419
1.027,102.279
1.027,103.138
1.028,103.995
1.029,104.852
1.030,105.708
1.030,106.563
1.031,107.417
1.032,108.270
1.033,109.122
1.033,109.972
1.034,110.822
1.035,111.670
1.036,112.517
1.036,113.363
1.037,114.207
1.038,115.051
1.039,115.893
1.039,116.734
1.040,117.574
1.041,118.412
1.042,119.249
1.042,120.085
1.043,120.919
1.044,121.752
1.045,122.584
1.045,123.414
1.046,124.243
1.047,125.070
1.048,125.896
1.048,126.720
1.049,127.543
1.050,128.364
1.051,129.184
1.051,130.002
1.052,130.819
1.053,131.634
1.054,132.447
1.054,133.259
1.055,134.069
1.056,134.878
1.057,135.685
1.057,136.490
1.058,137.293
1.059,138.095
1.060,138.895
1.060,139.693
1.061,140.489
1.062,141.284
1.063,142.076
1.063,142.867
1.064,143.656
1.065,144.443
1.066,145.228
1.066,146.012
1.067,146.793
1.068,147.573
1.069,148.350
1.069,149.126
1.070,149.899
1.071,150.671
1.072,151.440
1.072,152.207
1.073,152.973
1.074,153.736
1.075,154.497
1.075,155.256
1.076,156.013
1.077,156.768
1.078,157.521
1.078,158.271
1.079,159.019
1.080,159.765
1.081,160.509
1.081,161.251
1.082,161.990
1.083,162.727
1.084,163.462
1.084,164.194
1.085,164.924
1.086,165.652
1.087,166.377
1.087,167.100
1.088,167.821
1.089,168.539
1.090,169.254
1.090,169.968
1.091,170.679
1.092,171.387
1.093,172.093
1.093,172.796
1.094,173.497
1.095,174.195
1.096,174.891
1.096,175.584
1.097,176.275
1.098,176.963
1.099,177.649
1.099,178.331
1.100,179.012
1.101,179.689
1.102,180.364
1.102,181.036
1.103,181.706
1.104,182.372
1.105,183.036
1.105,183.698
1.106,184.356
1.107,185.012
1.108,185.665
1.108,186.315
1.109,186.962
1.110,187.607
1.111,188.248
1.111,188.887
1.112,189.523
1.113,190.156
1.114,190.786
1.114,191.414
1.115,192.038
1.116,192.659
1.117,193.278
1.117,193.893
1.118,194.505
1.119,195.115
1.120,195.721
1.120,196.325
1.121,196.925
1.122,197.522
1.123,198.117
1.123,198.708
1.124,199.296
1.125,199.881
1.126,200.463
1.126,201.042
1.127,201.617
1.128,202.190
1.129,202.759
1.129,203.325
1.130,203.888
1.131,204.448
1.132,205.004
1.132,205.558
1.133,206.108
1.134,206.654
1.135,207.198
1.135,207.738
1.136,208.275
1.137,208.809
1.138,209.339
1.138,209.866
1.139,210.390
1.140,210.910
1.141,211.427
1.141,211.941
1.142,212.451
1.143,212.958
1.144,213.461
1.144,213.961
1.145,214.458
1.146,214.951
1.147,215.441
1.147,215.927
1.148,216.410
1.149,216.889
1.150,217.365
1.150,217.837
1.151,218.306
1.152,218.772
1.153,219.233
1.153,219.692
1.154,220.146
1.155,220.597
1.156,221.045
1.156,221.489
1.157,221.929
1.158,222.366
1.159,222.799
1.159,223.229
1.160,223.655
1.161,224.077
1.162,224.496
1.162,224.910
1.163,225.322
1.164,225.729
1.165,226.133
1.165,226.534
1.166,226.930
1.167,227.323
1.168,227.712
1.168,228.097
1.169,228.479
1.170,228.857
1.171,229.231
1.171,229.602
1.172,229.968
1.173,230.331
1.174,230.690
1.174,231.045
1.175,231.397
1.176,231.745
1.177,232.088
1.177,232.428
1.178,232.765
1.179,233.097
1.180,233.425
1.180,233.750
1.181,234.071
1.182,234.388
1.183,234.701
1.183,235.010
1.184,235.315
1.185,235.617
1.186,235.914
1.186,236.208
1.187,236.497
1.188,236.783
1.189,237.065
1.189,237.343
1.190,237.617
1.191,237.887
1.192,238.153
1.192,238.415
1.193,238.673
1.194,238.927
1.195,239.177
1.195,239.423
1.196,239.665
1.197,239.904
1.198,240.138
1.198,240.368
1.199,240.594
1.200,240.816
1.201,241.035
1.201,241.249
1.202,241.459
1.203,241.665
1.204,241.867
1.204,242.065
1.205,242.259
1.206,242.449
1.207,242.635
1.207,242.817
1.208,242.994
1.209,243.168
1.210,243.338
1.210,243.503
1.211,243.665
1.212,243.822
1.213,243.976
1.213,244.125
1.214,244.270
1.215,244.411
1.216,244.548
1.216,244.681
1.217,244.809
1.218,244.934
1.219,245.055
1.219,245.171
1.220,245.283
1.221,245.392
1.222,245.496
1.222,245.596
1.223,245.692
1.224,245.783
1.225,245.871
1.225,245.954
1.226,246.034
1.227,246.109
1.228,246.180
1.228,246.247
1.229,246.310
1.230,246.368
1.231,246.423
1.231,246.473
1.232,246.519
1.233,246.562
1.234,246.600
1.234,246.633
1.235,246.663
1.236,246.689
1.237,246.710
1.237,246.727
1.238,246.740
1.239,246.749
1.240,246.754
1.240,246.755
1.241,246.751
1.242,246.743
1.243,246.732
1.243,246.716
1.244,246.696
1.245,246.671
1.246,246.643
1.246,246.610
1.247,246.574
1.248,246.533
1.249,246.488
1.249,246.439
1.250,246.386
1.251,246.328
1.252,246.267
1.252,246.201
1.253,246.131
1.254,246.057
1.255,245.979
1.255,245.897
1.256,245.811
1.257,245.720
1.258,245.626
1.258,245.527
1.259,245.424
1.260,245.317
1.261,245.206
1.261,245.091
1.262,244.972
1.263,244.849
1.264,244.721
1.264,244.590
1.265,244.454
1.266,244.314
1.267,244.170
1.267,244.022
1.268,243.870
1.269,243.714
1.270,243.554
1.270,243.390
1.271,243.221
1.272,243.049
1.273,242.872
1.273,242.692
1.274,242.507
1.275,242.319
1.276,242.126
1.276,241.929
1.277,241.728
1.278,241.523
1.279,241.315
1.279,241.102
1.280,240.885
1.281,240.664
1.282,240.439
1.282,240.210
1.283,239.977
1.284,239.740
1.285,239.499
1.285,239.254
1.286,239.005
1.287,238.752
1.288,238.495
1.288,238.234
1.289,237.970
1.290,237.701
1.291,237.428
1.291,237.152
1.292,236.871
1.293,236.586
1.294,236.298
1.294,236.006
1.295,235.709
1.296,235.409
1.297,235.105
1.297,234.797
1.298,234.485
1.299,234.170
1.300,233.850
1.300,233.527
1.301,233.199
1.302,232.868
1.303,232.533
1.303,232.194
1.304,231.852
1.305,231.505
1.306,231.155
1.306,230.801
1.307,230.443
1.308,230.081
1.309,229.716
1.309,229.347
1.310,228.974
1.311,228.597
1.312,228.216
1.312,227.832
1.313,227.444
1.314,227.053
1.315,226.657
1.315,226.258
1.316,225.855
1.317,225.449
1.318,225.039
1.318,224.625
1.319,224.207
1.320,223.786
1.321,223.361
1.321,222.933
1.322,222.501
1.323,222.065
1.324,221.626
1.324,221.183
1.325,220.737
1.326,220.287
1.327,219.833
1.327,219.376
1.328,218.915
1.329,218.451
1.330,217.983
1.330,217.512
1.331,217.038
1.332,216.559
1.333,216.078
1.333,215.592
1.334,215.104
1.335,214.612
1.336,214.116
1.336,213.617
1.337,213.115
1.338,212.609
1.339,212.100
1.339,211.587
1.340,211.071
1.341,210.552
1.342,210.029
1.342,209.503
1.343,208.974
1.344,208.441
1.345,207.905
1.345,207.366
1.346,206.824
1.347,206.278
1.348,205.729
1.348,205.177
1.349,204.621
1.350,204.062
1.351,203.500
1.351,202.935
1.352,202.367
1.353,201.795
1.354,201.221
1.354,200.643
1.355,200.062
1.356,199.478
1.357,198.891
1.357,198.301
1.358,197.707
1.359,197.111
1.360,196.512
1.360,195.909
1.361,195.304
1.362,194.695
1.363,194.084
1.363,193.469
1.364,192.852
1.365,192.231
1.366,191.608
1.366,190.981
1.367,190.352
1.368,189.720
1.369,189.085
1.369,188.447
1.370,187.806
1.371,187.163
1.372,186.516
1.372,185.867
1.373,185.215
1.374,184.560
1.375,183.902
1.375,183.242
1.376,182.579
1.377,181.913
1.378,181.244
1.378,180.573
1.379,179.899
1.380,179.222
1.381,178.543
1.381,177.861
1.382,177.176
1.383,176.489
1.384,175.799
1.384,175.107
1.385,174.412
1.386,173.714
1.387,173.014
1.387,172.312
1.388,171.607
1.389,170.899
1.390,170.189
1.390,169.476
1.391,168.761
1.392,168.044
1.393,167.324
1.393,166.602
1.394,165.877
1.395,165.150
1.396,164.421
1.396,163.689
1.397,162.955
1.398,162.219
1.399,161.481
1.399,160.740
1.400,159.997
1.401,159.251
1.402,158.504
1.402,157.754
1.403,157.002
1.404,156.248
1.405,155.492
1.405,154.733
1.406,153.973
1.407,153.210
1.408,152.445
1.408,151.679
1.409,150.910
1.410,150.139
1.411,149.366
1.411,148.591
1.412,147.814
1.413,147.036
1.414,146.255
1.414,145.472
1.415,144.687
1.416,143.901
1.417,143.112
1.417,142.322
1.418,141.530
1.419,140.736
1.420,139.940
1.420,139.143
1.421,138.343
1.422,137.542
1.423,136.739
1.423,135.935
1.424,135.129
1.425,134.321
1.426,133.511
1.426,132.700
1.427,131.887
1.428,131.072
1.429,130.256
1.429,129.438
1.430,128.619
1.431,127.798
1.432,126.976
1.432,126.152
1.433,125.327
1.434,124.500
1.435,123.672
1.435,122.842
1.436,122.011
1.437,121.178
1.438,120.344
1.438,119.509
1.439,118.672
1.440,117.834
1.441,116.995
1.441,116.155
1.442,115.313
1.443,114.470
1.444,113.625
1.444,112.780
1.445,111.933
1.446,111.085
1.447,110.236
1.447,109.386
1.448,108.535
1.449,107.682
1.450,106.829
1.450,105.974
1.451,105.118
1.452,104.262
1.453,103.404
1.453,102.546
1.454,101.686
1.455,100.825
1.456,99.964
1.456,99.101
1.457,98.238
1.458,97.374
1.459,96.509
1.459,95.643
1.460,94.776
1.461,93.909
1.462,93.041
1.462,92.171
1.463,91.302
1.464,90.431
1.465,89.560
1.465,88.688
1.466,87.816
1.467,86.942
1.468,86.068
1.468,85.194
1.469,84.319
1.470,83.443
1.471,82.567
1.471,81.691
1.472,80.813
1.473,79.936
1.474,79.058
1.474,78.179
1.475,77.300
1.476,76.420
1.477,75.541
1.477,74.660
1.478,73.780
1.479,72.899
1.480,72.018
1.480,71.136
1.481,70.254
1.482,69.372
1.483,68.490
1.483,67.607
1.484,66.724
1.485,65.841
1.486,64.958
1.486,64.075
1.487,63.192
1.488,62.308
1.489,61.425
1.489,60.541
1.490,59.658
1.491,58.774
1.492,57.890
1.492,57.006
1.493,56.123
1.494,55.239
1.495,54.356
1.495,53.472
1.496,52.589
1.497,51.706
1.498,50.823
1.498,49.940
1.499,49.057
1.500,48.175
